Bar X,Bar Y,Bar Trial 1 (V),Bar Trial 2 (V),Bar Trial 3 (V),Cylinder x,Cylinder y,cylinder Trial 1 (V),Cylinder Trial 2 (V),Cylinder Trial 3 (V)
1,2,1.2,1.19,1.15,1,2,4.02,3.94,3.93
3,2,1.031,0.99,1.041,3,2,3.94,3.84,3.84
5,2,1.031,1.01,1.01,5,2,3.73,3.65,3.65
7,2,0.972,0.95,0.963,7,2,3.39,3.29,3.29
9,2,0.97,0.955,0.973,9,2,2.84,2.78,2.78
11,2,0.96,0.96,1,11,2,2.39,2.27,2.32
13,2,0.99,0.975,1.037,13,2,1.97,1.93,1.93
15,2,1.065,1.028,1.052,15,2,1.79,1.78,1.79
17,2,1.13,1.085,1.145,17,2,1.73,1.71,1.72
1,4,2,1.88,1.9,1,4,4.11,4.03,4.05
3,4,1.85,1.75,1.8,3,4,4.13,4.06,4.1
5,4,1.82,1.745,1.765,5,4,4.08,4.01,4.04
7,4,1.74,1.732,1.75,7,4,3.61,3.6,3.61
9,4,1.82,1.725,1.77,9,4,2.91,2.77,2.8
11,4,1.78,1.744,1.8,11,4,2.15,2,1.98
13,4,1.75,1.773,1.771,13,4,1.76,1.61,1.64
15,4,1.772,1.79,1.81,15,4,1.68,1.58,1.6
17,4,1.82,1.8,1.84,17,4,1.7,1.61,1.63
1,6,2.63,2.6,2.61,1,6,4.17,4.14,4.15
3,6,2.53,2.53,2.56,3,6,4.34,4.3,4.33
5,6,2.52,2.51,2.54,5,0,0,0,0
7,6,2.51,2.51,2.55,7,0,0,0,0
9,6,2.52,2.52,2.56,9,6,2.88,2.8,2.77
11,6,2.52,2.51,2.54,11,6,0,0,0
13,6,2.53,2.56,2.59,13,6,0,0,0
15,6,2.54,2.53,2.56,15,6,1.44,1.37,1.37
17,6,2.56,2.57,2.57,17,6,1.6,1.52,1.53
1,8,3.27,3.27,3.28,1,8,4.17,4.11,4.13
3,8,3.28,3.27,3.3,3,8,4.35,4.3,4.32
5,8,3.35,3.28,3.31,5,8,0,0,0
7,8,3.27,3.25,3.31,7,8,0,0,0
9,8,3.26,3.29,3.32,9,8,2.91,2.74,2.68
11,8,3.27,3.3,3.31,11,8,0,0,0
13,8,3.26,3.28,3.32,13,8,0,0,0
15,8,3.26,3.27,3.28,15,8,1.407,1.4,1.39
17,8,3.29,3.29,3.31,17,8,1.58,1.54,1.55
1,10,3.94,3.93,3.95,1,10,4.04,4.01,4.02
3,10,3.97,3.97,4,3,10,4.06,4.03,4.04
5,10,3.99,4,4.03,5,10,4.02,4,4.01
7,10,4,4,4.04,7,10,3.59,3.7,3.58
9,10,4.01,4,4.03,9,10,2.74,2.76,2.7
11,10,4.04,4.05,4.05,11,10,1.99,1.95,1.95
13,10,4,4.01,4.03,13,10,1.75,1.64,1.66
15,10,4.01,3.98,4.02,15,10,1.67,1.61,1.62
17,10,3.96,4,4,17,10,1.68,1.63,1.65
1,12,4.58,4.59,4.61,1,12,3.32,3.88,3.9
3,12,4.66,4.66,4.68,3,12,3.83,3.8,3.78
5,12,4.69,4.68,4.72,5,12,3.66,3.61,3.62
7,12,4.72,4.72,4.74,7,12,3.3,3.23,3.25
9,12,4.75,4.74,4.74,9,12,2.77,2.71,2.73
11,12,4.74,4.72,4.77,11,12,2.29,2.25,2.28
13,12,4.7,4.71,4.75,13,12,1.97,1.95,1.96
15,12,4.66,4.66,4.73,15,12,1.82,1.8,1.82
17,12,4.67,4.66,4.74,17,12,1.77,1.76,1.77
,,,,,,,,,
,,,,,,,,,
,,,,,,,,,
,,,,,,,,,
,,,,,,,,,
,,,,,,,,,
,,,,,,,,,
,,,,,,,,,
,,,,,,,,,
