Cylinder x	Cylinder y	cylinder Trial 1 (V)	Cylinder Trial 2 (V)	Cylinder Trial 3 (V)	Average (V)
1	2	4.02	3.94	3.93	
3	2	3.94	3.84	3.84	
5	2	3.73	3.65	3.65	
7	2	3.39	3.29	3.29	
9	2	2.84	2.78	2.78	
11	2	2.39	2.27	2.32	
13	2	1.97	1.93	1.93	
15	2	1.79	1.78	1.79	
17	2	1.73	1.71	1.72	
1	4	4.11	4.03	4.05	
3	4	4.13	4.06	4.1	
5	4	4.08	4.01	4.04	
7	4	3.61	3.6	3.61	
9	4	2.91	2.77	2.8	
11	4	2.15	2	1.98	
13	4	1.76	1.61	1.64	
15	4	1.68	1.58	1.6	
17	4	1.7	1.61	1.63	
1	6	4.17	4.14	4.15	
3	6	4.34	4.3	4.33	
5	6	0	0	0	
7	6	0	0	0	
9	6	2.88	2.8	2.77	
11	6	0	0	0	
13	6	0	0	0	
15	6	1.44	1.37	1.37	
17	6	1.6	1.52	1.53	
1	8	4.17	4.11	4.13	
3	8	4.35	4.3	4.32	
5	8	0	0	0	
7	8	0	0	0	
9	8	2.91	2.74	2.68	
11	8	0	0	0	
13	8	0	0	0	
15	8	1.407	1.4	1.39	
17	8	1.58	1.54	1.55	
1	10	4.04	4.01	4.02	
3	10	4.06	4.03	4.04	
5	10	4.02	4	4.01	
7	10	3.59	3.7	3.58	
9	10	2.74	2.76	2.7	
11	10	1.99	1.95	1.95	
13	10	1.75	1.64	1.66	
15	10	1.67	1.61	1.62	
17	10	1.68	1.63	1.65	
1	12	3.32	3.88	3.9	
3	12	3.83	3.8	3.78	
5	12	3.66	3.61	3.62	
7	12	3.3	3.23	3.25	
9	12	2.77	2.71	2.73	
11	12	2.29	2.25	2.28	
13	12	1.97	1.95	1.96	
15	12	1.82	1.8	1.82	
17	12	1.77	1.76	1.77	
